 Time     | ALU Mode | A | B | Cin | Out | Cout
-----------------------------------------------
 110    ns| 000      | 0 | 0 |  0  |  0  |  0
 120    ns| 000      | 1 | 0 |  0  |  1  |  0
 130    ns| 000      | 0 | 1 |  0  |  1  |  0
 140    ns| 000      | 1 | 1 |  0  |  0  |  1
 150    ns| 000      | 0 | 0 |  1  |  1  |  0
 160    ns| 000      | 1 | 0 |  1  |  0  |  1
 170    ns| 000      | 0 | 1 |  1  |  0  |  1
 180    ns| 000      | 1 | 1 |  1  |  1  |  1
-----------------------------------------------
 190    ns| 001      | 0 | 0 |  0  |  0  |  0
 200    ns| 001      | 1 | 0 |  0  |  0  |  0
 210    ns| 001      | 0 | 1 |  0  |  0  |  0
 220    ns| 001      | 1 | 1 |  0  |  1  |  1
 230    ns| 001      | 0 | 0 |  1  |  0  |  0
 240    ns| 001      | 1 | 0 |  1  |  0  |  1
 250    ns| 001      | 0 | 1 |  1  |  0  |  1
 260    ns| 001      | 1 | 1 |  1  |  1  |  1
-----------------------------------------------
 270    ns| 010      | 0 | 0 |  0  |  0  |  0
 280    ns| 010      | 1 | 0 |  0  |  1  |  0
 290    ns| 010      | 0 | 1 |  0  |  1  |  0
 300    ns| 010      | 1 | 1 |  0  |  1  |  1
 310    ns| 010      | 0 | 0 |  1  |  0  |  0
 320    ns| 010      | 1 | 0 |  1  |  1  |  1
 330    ns| 010      | 0 | 1 |  1  |  1  |  1
 340    ns| 010      | 1 | 1 |  1  |  1  |  1
-----------------------------------------------
 350    ns| 011      | 0 | 0 |  0  |  0  |  0
 360    ns| 011      | 1 | 0 |  0  |  1  |  0
 370    ns| 011      | 0 | 1 |  0  |  1  |  0
 380    ns| 011      | 1 | 1 |  0  |  0  |  1
 390    ns| 011      | 0 | 0 |  1  |  0  |  0
 400    ns| 011      | 1 | 0 |  1  |  1  |  1
 410    ns| 011      | 0 | 1 |  1  |  1  |  1
 420    ns| 011      | 1 | 1 |  1  |  0  |  1
-----------------------------------------------
 430    ns| 100      | 0 | 0 |  0  |  1  |  0
 440    ns| 100      | 1 | 0 |  0  |  0  |  1
 450    ns| 100      | 0 | 1 |  0  |  0  |  0
 460    ns| 100      | 1 | 1 |  0  |  1  |  0
 470    ns| 100      | 0 | 0 |  1  |  0  |  1
 480    ns| 100      | 1 | 0 |  1  |  1  |  1
 490    ns| 100      | 0 | 1 |  1  |  1  |  0
 500    ns| 100      | 1 | 1 |  1  |  0  |  1
-----------------------------------------------
 510    ns| 101      | 0 | 0 |  0  |  1  |  0
 520    ns| 101      | 1 | 0 |  0  |  0  |  1
 530    ns| 101      | 0 | 1 |  0  |  0  |  0
 540    ns| 101      | 1 | 1 |  0  |  1  |  0
 550    ns| 101      | 0 | 0 |  1  |  0  |  1
 560    ns| 101      | 1 | 0 |  1  |  1  |  1
 570    ns| 101      | 0 | 1 |  1  |  1  |  0
 580    ns| 101      | 1 | 1 |  1  |  0  |  1
-----------------------------------------------
 590    ns| 110      | 0 | 0 |  0  |  0  |  0
 600    ns| 110      | 1 | 0 |  0  |  1  |  0
 610    ns| 110      | 0 | 1 |  0  |  1  |  0
 620    ns| 110      | 1 | 1 |  0  |  0  |  1
 630    ns| 110      | 0 | 0 |  1  |  1  |  0
 640    ns| 110      | 1 | 0 |  1  |  0  |  1
 650    ns| 110      | 0 | 1 |  1  |  0  |  1
 660    ns| 110      | 1 | 1 |  1  |  1  |  1
-----------------------------------------------
 670    ns| 111      | 0 | 0 |  0  |  0  |  0
 680    ns| 111      | 1 | 0 |  0  |  0  |  0
 690    ns| 111      | 0 | 1 |  0  |  1  |  0
 700    ns| 111      | 1 | 1 |  0  |  1  |  1
 710    ns| 111      | 0 | 0 |  1  |  0  |  0
 720    ns| 111      | 1 | 0 |  1  |  0  |  1
 730    ns| 111      | 0 | 1 |  1  |  1  |  1
 740    ns| 111      | 1 | 1 |  1  |  1  |  1
-----------------------------------------------
